Алька
Ориентальная
15624
0 1 1 1 0 

Баффи
Лаперм
14770
0 0 0 1 2 

Аврора
Тайская
11468
0 1 2 0 2 

Айвори
Бамбино
7000
0 1 1 0 3 

Беатриче
Невская маскарадная
12053
0 0 4 0 1 

Анита
Хауси
16596
0 2 2 2 0 

Аппа
Ангорская
13789
1 2 1 2 0 

Ассоль
Курильский бобтейл
12232
1 1 2 1 1 

Бабетта
Австралийская дымчатая
7393
0 0 0 4 2 

Бака
Японский бобтейл
15822
1 2 2 0 1 

Баст
Британская короткошёрстная
10024
1 4 0 0 1 

Баста
Курильский бобтейл
15212
2 1 0 0 3 

Айдана
Картезианская
7376
0 3 2 2 0 

Алекса
Пиксибоб
11009
1 0 2 2 2 

Альба
Норвежская лесная
11951
0 1 1 2 3 

Альфа
Корат
14016
3 0 0 1 3 

Агаша
Девон-рекс
8085
0 1 2 4 0 

Аста
Гавана
7605
3 0 1 3 0 

Атика
Кимрийская
15759
0 3 2 0 2 

Аюта
Серенгети
10365
1 1 3 0 2 

Ада
Американский кёрл
16510
0 3 1 2 1 

Барни
Серенгети
14730
1 3 1 1 1 

Баунти
Балинезийская
7805
4 1 2 0 0 

Беатрисс
Кимрийская
12167
3 2 0 0 2 

Али
Рагамаффин
9774
2 0 2 4 0 

Алина
Скиф-той-боб
7708
0 3 0 2 3 

Альбина
Британская длинношёрстная
10071
0 2 2 1 3 

Анта
Бразильская короткошёрстная
12861
2 2 3 1 0 

Анфиса
Американская жесткошёрстная
12323
3 0 1 0 4 

Арлета
Карельский бобтейл
11830
1 2 2 1 2 

Ася
Эльф
12934
4 0 4 0 0 

Багира
Минскин
8098
0 1 2 3 2 

Барби
Карельский бобтейл
13193
3 1 0 0 4 

Барся
Американская жесткошёрстная
8537
3 0 4 0 1 

Азиза
Немецкий рекс
14120
1 3 3 1 0 

Аида
Сноу-шу
7345
4 1 1 0 2 

Амина
Экзотическая
11721
2 0 2 3 2 

Алисия
Корниш-рекс
7012
2 2 3 2 0 

Арильда
Невская маскарадная
9643
2 2 3 0 2 

Адель
Русская голубая
9309
1 4 0 1 3 

Барбара
Кимрийская
11736
3 0 3 0 3 

Августина
Бурма
12419
1 0 1 4 3 

Бастинда
Минскин
14955
4 1 0 2 2 

Ава
Ашера
12157
4 2 0 1 2 

Бекта
Селкирк-рекс
16822
2 0 2 4 1 

Бена
Азиатская табби
11251
3 0 4 1 1 

Алиса
Египетский мау
15474
4 0 0 3 3 

Арима
Двельф
10740
3 4 0 3 0 

Алита
Гималайская
14854
2 3 2 3 0 

Арма
Лаперм
11209
4 4 0 0 2 

Айра
Сингапурская
9986
2 3 2 1 2 

Астарта
Донской сфинкс
10919
0 0 3 4 3 

Аурика
Балинезийская
11763
2 1 3 4 0 

Бара
Британская короткошёрстная
10581
2 3 2 3 0 

Амалия
Бомбейская
9400
0 4 0 3 3 

Альма
Питерболд
16253
0 0 2 4 4 

Бася
Американская жесткошёрстная
7317
2 3 0 3 2 

Белая
Мейн-кун
11574
2 1 3 4 0 

Агра
Тойгер
12246
1 4 2 1 3 

Айна
Европейская
12007
1 3 3 1 3 

Арда
Сиамская
15987
1 4 3 1 2 

Аэлита
Кинкалоу
14673
4 1 0 3 3 

Айва
Цейлонская
10204
1 4 1 2 3 

Анна
Абиссинская
11262
3 3 0 4 1 

Аби
Йоркская шоколадная
15436
1 0 3 4 3 

Бастет
Двельф
13250
3 4 0 1 3 

Арланда
Шотландская вислоухая
14786
3 1 3 4 0 

Абигель
Бирманская
14906
1 2 1 3 4 

Берри
Кинкалоу
15878
1 0 4 3 3 

Айрис
Сомали
15673
4 3 3 0 2 

Айса
Тонкинская
9920
3 4 2 2 1 

Байра
Селкирк-рекс
16310
3 1 2 3 3 

Альша
Турецкий ван
14566
4 0 3 2 3 

Бакса
Кинкалоу
13952
1 2 2 4 3 

Барселона
Карельский бобтейл
8577
3 3 3 3 0 

Альпа
Ликой
9126
2 0 2 4 4 

Афродита
Мейн-кун
13030
4 3 1 4 0 

Анжелика
Бурмилла
7221
1 4 3 3 1 

Анка
Саванна
12263
2 3 4 2 1 

Белка
Азиатская табби
9486
0 4 3 2 3 

Бени
Австралийская дымчатая
12846
1 3 4 2 2 

Берта
Британская короткошёрстная
15610
3 1 4 2 2 

Афина
Уральский рекс
14885
2 3 2 3 3 

Акай
Персидская
13275
3 4 2 4 0 

Айза
Рэгдолл
13800
2 3 4 2 2 

Бекки
Мейн-кун
12399
4 1 4 4 0 

Агата
Мэнкс
10458
3 3 3 4 0 

Айрин
Бенгальская
16781
4 3 3 1 3 

Алабама
Сибирская
14880
3 2 3 3 3 

Ангара
Оцикет
7887
3 3 0 4 4 

Ама
Манчкин
14526
0 4 4 3 3 

Барса
Корат
12257
3 4 3 3 1 

Байда
Азиатская табби
16437
2 4 3 2 3 

Айя
Нибелунг
11414
4 4 3 3 1 

Антонина
Украинский левкой
16065
2 4 3 4 2 

Алькона
Анатолийская
14589
3 4 3 4 2 

Алура
Канаани
11687
4 4 3 2 3 

Ариша
Британская короткошёрстная
16200
1 4 4 4 4 

Альта
Американская короткошёрстная
8389
3 3 3 4 4 

Арта
Сфинкс
16668
4 2 4 4 4 

